# I[mA]    dI[mA]   P[microW]   dP[microW]
26.0    0.1 8.38    0.04
28.0    0.1 9.30    0.01
29.9    0.1 10.39   0.01
32.8    0.1 12.12   0.01
34.5    0.1 13.27   0.01   
36.9    0.1 14.99   0.01
40.0    0.1 17.43   0.01
42.2    0.1 19.39   0.01
44.7    0.1 21.90   0.04
46.4    0.1 23.72   0.03
47.6    0.1 25.16   0.01
49.8    0.1 28.0    0.1
51.7    0.1 30.9    0.1
53.7    0.1 34.2    0.1
54.4    0.1 36.6    0.1
56.6    0.1 40.7    0.1
58.3    0.1 45.4    0.1
59.2    0.1 48.4    0.1
60.6    0.1 52.2    0.1
62.3    0.1 65.1    0.2
64.3    0.1 89.2    0.3
65.5    0.1 129.3   0.4
<<<<<<< HEAD

67.4    0.1 0.431e3 0.002e3
69.9    0.1 0.923e3 0.002e3

=======
>>>>>>> 9b23471a513222d9a56ff86a3a2919e4c4f80ef6
71.4    0.1 1.182e3 0.002e3
72.2    0.1 1.332e3 0.005e3
73.5    0.1 1.609e3 0.003e3
74.5    0.1 1.801e3 0.005e3
75.4    0.1 1.964e3 0.004e3
76.8    0.1 2.225e3 0.005e3
77.4    0.1 2.335e3 0.003e3
78.4    0.1 2.546e3 0.003e3
78.9    0.1 2.664e3 0.005e3
79.4    0.1 2.79e3  0.01e3
80.5    0.1 3.03e3  0.01e3
<<<<<<< HEAD
81.6    0.1 3.23e3  0.01e3
=======
81.6    0.1 3.23e2  0.01e3
>>>>>>> 9b23471a513222d9a56ff86a3a2919e4c4f80ef6
