"Title        "	"Input A"	 		"Title        "	"Input B"	 
"ID           "	1	 		"ID           "	1	 
"Type         "	"envelope"	 		"Type         "	"envelope"	 
"Date         "	09/10/95	 		"Date         "	09/10/95	 
"Time         "	01:40:07	 		"Time         "	01:40:07	 
"X Scale      "	1.00e-02	 		"X Scale      "	1.00e-02	 
"X At 0%      "	4.72e-02	 		"X At 0%      "	4.72e-02	 
"X Resolution "	2.500000e+01	 		"X Resolution "	2.500000e+01	 
"X Size       "	300	 		"X Size       "	300	 
"X Unit       "	"s"	 		"X Unit       "	"s"	 
"X Label      "	"10 ms/Div"	 		"X Label      "	"10 ms/Div"	 
"Y Scale      "	5.0e-01	 		"Y Scale      "	2.00e-02	 
"Y At 50%     "	1.34e+00	 		"Y At 50%     "	-8.00e-02	 
"Y Resolution "	2.500000e+01	 		"Y Resolution "	2.500000e+01	 
"Y Size       "	256	 		"Y Size       "	256	 
"Y Unit       "	"V"	 		"Y Unit       "	"V"	 
"Y Label      "	"V"	 		"Y Label      "	"mV"	 

4.72e-02	2.94e+00	2.98e+00		4.72e-02	-2.16e-02	-1.84e-02
4.76e-02	2.98e+00	3.02e+00		4.76e-02	-2.32e-02	-1.92e-02
4.80e-02	2.98e+00	3.04e+00		4.80e-02	-2.32e-02	-2.00e-02
4.84e-02	2.98e+00	3.04e+00		4.84e-02	-2.24e-02	-1.92e-02
4.88e-02	3.02e+00	3.08e+00		4.88e-02	-2.24e-02	-1.84e-02
4.92e-02	3.02e+00	3.08e+00		4.92e-02	-2.32e-02	-2.00e-02
4.96e-02	3.04e+00	3.08e+00		4.96e-02	-2.40e-02	-1.92e-02
5.00e-02	3.04e+00	3.12e+00		5.00e-02	-2.24e-02	-1.92e-02
5.04e-02	3.08e+00	3.12e+00		5.04e-02	-2.32e-02	-2.00e-02
5.08e-02	3.06e+00	3.12e+00		5.08e-02	-2.32e-02	-1.92e-02
5.12e-02	3.10e+00	3.16e+00		5.12e-02	-2.24e-02	-1.84e-02
5.16e-02	3.12e+00	3.16e+00		5.16e-02	-2.24e-02	-1.92e-02
5.20e-02	3.12e+00	3.16e+00		5.20e-02	-2.32e-02	-2.00e-02
5.24e-02	3.14e+00	3.18e+00		5.24e-02	-2.40e-02	-2.08e-02
5.28e-02	3.16e+00	3.20e+00		5.28e-02	-2.32e-02	-2.00e-02
5.32e-02	3.16e+00	3.22e+00		5.32e-02	-2.32e-02	-2.00e-02
5.36e-02	3.18e+00	3.24e+00		5.36e-02	-2.24e-02	-2.00e-02
5.40e-02	3.18e+00	3.24e+00		5.40e-02	-2.40e-02	-2.00e-02
5.44e-02	3.20e+00	3.24e+00		5.44e-02	-2.48e-02	-2.08e-02
5.48e-02	3.20e+00	3.26e+00		5.48e-02	-2.32e-02	-2.00e-02
5.52e-02	3.24e+00	3.28e+00		5.52e-02	-2.88e-02	-2.16e-02
5.56e-02	3.24e+00	3.30e+00		5.56e-02	-3.44e-02	-2.72e-02
5.60e-02	3.22e+00	3.28e+00		5.60e-02	-3.44e-02	-2.24e-02
5.64e-02	3.22e+00	3.28e+00		5.64e-02	-2.48e-02	-2.08e-02
5.68e-02	3.20e+00	3.26e+00		5.68e-02	-2.32e-02	-2.00e-02
5.72e-02	3.20e+00	3.26e+00		5.72e-02	-2.32e-02	-2.00e-02
5.76e-02	3.18e+00	3.22e+00		5.76e-02	-2.24e-02	-1.92e-02
5.80e-02	3.16e+00	3.22e+00		5.80e-02	-2.32e-02	-1.92e-02
5.84e-02	3.16e+00	3.20e+00		5.84e-02	-2.32e-02	-1.84e-02
5.88e-02	3.14e+00	3.18e+00		5.88e-02	-2.24e-02	-1.92e-02
5.92e-02	3.12e+00	3.16e+00		5.92e-02	-2.24e-02	-2.00e-02
5.96e-02	3.12e+00	3.18e+00		5.96e-02	-2.24e-02	-1.92e-02
6.00e-02	3.08e+00	3.14e+00		6.00e-02	-2.24e-02	-1.92e-02
6.04e-02	3.08e+00	3.12e+00		6.04e-02	-2.16e-02	-1.84e-02
6.08e-02	3.06e+00	3.10e+00		6.08e-02	-2.16e-02	-1.84e-02
6.12e-02	3.08e+00	3.12e+00		6.12e-02	-2.32e-02	-2.00e-02
6.16e-02	3.02e+00	3.06e+00		6.16e-02	-2.24e-02	-1.92e-02
6.20e-02	3.02e+00	3.08e+00		6.20e-02	-2.32e-02	-2.00e-02
6.24e-02	3.00e+00	3.04e+00		6.24e-02	-2.40e-02	-2.00e-02
6.28e-02	3.00e+00	3.06e+00		6.28e-02	-2.40e-02	-2.00e-02
6.32e-02	2.98e+00	3.02e+00		6.32e-02	-2.24e-02	-1.92e-02
6.36e-02	2.98e+00	3.02e+00		6.36e-02	-2.24e-02	-1.92e-02
6.40e-02	2.94e+00	3.00e+00		6.40e-02	-2.32e-02	-2.00e-02
6.44e-02	2.96e+00	3.00e+00		6.44e-02	-2.40e-02	-2.00e-02
6.48e-02	2.94e+00	2.98e+00		6.48e-02	-2.32e-02	-1.84e-02
6.52e-02	2.92e+00	2.98e+00		6.52e-02	-2.16e-02	-1.84e-02
6.56e-02	2.88e+00	2.94e+00		6.56e-02	-2.08e-02	-1.84e-02
6.60e-02	2.88e+00	2.92e+00		6.60e-02	-2.24e-02	-2.00e-02
6.64e-02	2.90e+00	2.94e+00		6.64e-02	-2.24e-02	-1.92e-02
6.68e-02	2.86e+00	2.92e+00		6.68e-02	-2.24e-02	-1.92e-02
6.72e-02	2.84e+00	2.90e+00		6.72e-02	-2.40e-02	-2.00e-02
6.76e-02	2.82e+00	2.86e+00		6.76e-02	-2.40e-02	-2.00e-02
6.80e-02	2.82e+00	2.88e+00		6.80e-02	-2.24e-02	-1.92e-02
6.84e-02	2.80e+00	2.84e+00		6.84e-02	-2.24e-02	-2.00e-02
6.88e-02	2.78e+00	2.82e+00		6.88e-02	-2.32e-02	-2.00e-02
6.92e-02	2.78e+00	2.80e+00		6.92e-02	-2.32e-02	-2.00e-02
6.96e-02	2.78e+00	2.84e+00		6.96e-02	-2.32e-02	-2.00e-02
7.00e-02	2.76e+00	2.80e+00		7.00e-02	-2.32e-02	-1.92e-02
7.04e-02	2.72e+00	2.78e+00		7.04e-02	-2.24e-02	-1.92e-02
7.08e-02	2.72e+00	2.78e+00		7.08e-02	-2.32e-02	-2.00e-02
7.12e-02	2.70e+00	2.74e+00		7.12e-02	-2.32e-02	-2.00e-02
7.16e-02	2.70e+00	2.74e+00		7.16e-02	-2.32e-02	-2.00e-02
7.20e-02	2.68e+00	2.72e+00		7.20e-02	-2.40e-02	-2.00e-02
7.24e-02	2.64e+00	2.70e+00		7.24e-02	-2.32e-02	-2.00e-02
7.28e-02	2.64e+00	2.70e+00		7.28e-02	-2.72e-02	-2.16e-02
7.32e-02	2.60e+00	2.66e+00		7.32e-02	-5.12e-02	-2.40e-02
7.36e-02	2.62e+00	2.68e+00		7.36e-02	-1.184e-01	-4.64e-02
7.40e-02	2.60e+00	2.64e+00		7.40e-02	-4.40e-02	-2.48e-02
7.44e-02	2.58e+00	2.62e+00		7.44e-02	-2.56e-02	-2.08e-02
7.48e-02	2.60e+00	2.64e+00		7.48e-02	-2.40e-02	-2.08e-02
7.52e-02	2.58e+00	2.66e+00		7.52e-02	-2.32e-02	-2.00e-02
7.56e-02	2.54e+00	2.58e+00		7.56e-02	-2.40e-02	-2.00e-02
7.60e-02	2.54e+00	2.58e+00		7.60e-02	-2.24e-02	-2.00e-02
7.64e-02	2.52e+00	2.58e+00		7.64e-02	-2.24e-02	-1.92e-02
7.68e-02	2.52e+00	2.56e+00		7.68e-02	-2.32e-02	-1.92e-02
7.72e-02	2.50e+00	2.58e+00		7.72e-02	-2.24e-02	-1.92e-02
7.76e-02	2.48e+00	2.54e+00		7.76e-02	-2.16e-02	-1.84e-02
7.80e-02	2.50e+00	2.54e+00		7.80e-02	-2.24e-02	-1.92e-02
7.84e-02	2.46e+00	2.54e+00		7.84e-02	-2.24e-02	-1.92e-02
7.88e-02	2.44e+00	2.50e+00		7.88e-02	-2.24e-02	-1.84e-02
7.92e-02	2.44e+00	2.50e+00		7.92e-02	-2.24e-02	-1.92e-02
7.96e-02	2.44e+00	2.48e+00		7.96e-02	-2.16e-02	-1.84e-02
8.00e-02	2.44e+00	2.50e+00		8.00e-02	-2.24e-02	-2.00e-02
8.04e-02	2.38e+00	2.44e+00		8.04e-02	-2.24e-02	-1.92e-02
8.08e-02	2.36e+00	2.42e+00		8.08e-02	-2.24e-02	-1.92e-02
8.12e-02	2.38e+00	2.42e+00		8.12e-02	-2.72e-02	-2.00e-02
8.16e-02	2.36e+00	2.40e+00		8.16e-02	-2.80e-02	-2.08e-02
8.20e-02	2.34e+00	2.38e+00		8.20e-02	-2.32e-02	-2.00e-02
8.24e-02	2.30e+00	2.38e+00		8.24e-02	-2.40e-02	-2.00e-02
8.28e-02	2.32e+00	2.36e+00		8.28e-02	-2.40e-02	-2.00e-02
8.32e-02	2.28e+00	2.32e+00		8.32e-02	-2.32e-02	-1.92e-02
8.36e-02	2.28e+00	2.34e+00		8.36e-02	-2.32e-02	-2.00e-02
8.40e-02	2.26e+00	2.32e+00		8.40e-02	-2.40e-02	-2.00e-02
8.44e-02	2.24e+00	2.28e+00		8.44e-02	-2.40e-02	-2.00e-02
8.48e-02	2.22e+00	2.26e+00		8.48e-02	-2.32e-02	-2.00e-02
8.52e-02	2.20e+00	2.24e+00		8.52e-02	-2.24e-02	-1.92e-02
8.56e-02	2.20e+00	2.24e+00		8.56e-02	-2.16e-02	-1.92e-02
8.60e-02	2.18e+00	2.24e+00		8.60e-02	-2.32e-02	-1.92e-02
8.64e-02	2.16e+00	2.20e+00		8.64e-02	-2.24e-02	-1.92e-02
8.68e-02	2.14e+00	2.20e+00		8.68e-02	-2.24e-02	-2.00e-02
8.72e-02	2.16e+00	2.18e+00		8.72e-02	-2.32e-02	-1.92e-02
8.76e-02	2.12e+00	2.18e+00		8.76e-02	-2.24e-02	-2.00e-02
8.80e-02	2.14e+00	2.18e+00		8.80e-02	-2.48e-02	-2.00e-02
8.84e-02	2.10e+00	2.14e+00		8.84e-02	-2.24e-02	-2.00e-02
8.88e-02	2.10e+00	2.14e+00		8.88e-02	-2.24e-02	-1.92e-02
8.92e-02	2.06e+00	2.12e+00		8.92e-02	-2.32e-02	-2.00e-02
8.96e-02	2.06e+00	2.10e+00		8.96e-02	-2.24e-02	-2.00e-02
9.00e-02	2.04e+00	2.08e+00		9.00e-02	-2.24e-02	-1.92e-02
9.04e-02	2.04e+00	2.08e+00		9.04e-02	-2.24e-02	-2.00e-02
9.08e-02	2.02e+00	2.06e+00		9.08e-02	-2.32e-02	-2.00e-02
9.12e-02	2.02e+00	2.06e+00		9.12e-02	-2.24e-02	-1.92e-02
9.16e-02	2.00e+00	2.04e+00		9.16e-02	-2.40e-02	-2.00e-02
9.20e-02	1.98e+00	2.02e+00		9.20e-02	-2.48e-02	-2.00e-02
9.24e-02	1.98e+00	2.02e+00		9.24e-02	-2.32e-02	-2.08e-02
9.28e-02	1.94e+00	1.98e+00		9.28e-02	-2.48e-02	-2.08e-02
9.32e-02	1.94e+00	1.98e+00		9.32e-02	-2.32e-02	-2.00e-02
9.36e-02	1.94e+00	2.00e+00		9.36e-02	-2.32e-02	-2.00e-02
9.40e-02	1.92e+00	1.96e+00		9.40e-02	-2.40e-02	-2.08e-02
9.44e-02	1.88e+00	1.94e+00		9.44e-02	-2.32e-02	-2.00e-02
9.48e-02	1.90e+00	1.94e+00		9.48e-02	-2.32e-02	-1.92e-02
9.52e-02	1.88e+00	1.92e+00		9.52e-02	-2.24e-02	-1.92e-02
9.56e-02	1.84e+00	1.90e+00		9.56e-02	-2.24e-02	-2.00e-02
9.60e-02	1.84e+00	1.88e+00		9.60e-02	-2.24e-02	-1.84e-02
9.64e-02	1.84e+00	1.88e+00		9.64e-02	-2.24e-02	-1.92e-02
9.68e-02	1.80e+00	1.86e+00		9.68e-02	-2.24e-02	-2.00e-02
9.72e-02	1.80e+00	1.84e+00		9.72e-02	-2.32e-02	-2.00e-02
9.76e-02	1.76e+00	1.82e+00		9.76e-02	-2.24e-02	-1.92e-02
9.80e-02	1.74e+00	1.80e+00		9.80e-02	-2.24e-02	-1.92e-02
9.84e-02	1.76e+00	1.80e+00		9.84e-02	-2.24e-02	-1.92e-02
9.88e-02	1.74e+00	1.78e+00		9.88e-02	-2.32e-02	-1.92e-02
9.92e-02	1.72e+00	1.76e+00		9.92e-02	-2.56e-02	-1.92e-02
9.96e-02	1.72e+00	1.76e+00		9.96e-02	-4.80e-02	-2.24e-02
9.996e-02	1.70e+00	1.74e+00		9.996e-02	-3.36e-02	-2.08e-02
1.004e-01	1.68e+00	1.74e+00		1.004e-01	-2.32e-02	-1.92e-02
1.008e-01	1.68e+00	1.72e+00		1.008e-01	-2.24e-02	-2.00e-02
1.012e-01	1.66e+00	1.70e+00		1.012e-01	-2.24e-02	-1.92e-02
1.016e-01	1.64e+00	1.70e+00		1.016e-01	-2.40e-02	-2.08e-02
1.020e-01	1.62e+00	1.68e+00		1.020e-01	-2.40e-02	-2.00e-02
1.024e-01	1.60e+00	1.66e+00		1.024e-01	-2.40e-02	-2.08e-02
1.028e-01	1.58e+00	1.64e+00		1.028e-01	-2.40e-02	-2.08e-02
1.032e-01	1.60e+00	1.62e+00		1.032e-01	-2.40e-02	-2.00e-02
1.036e-01	1.58e+00	1.62e+00		1.036e-01	-2.32e-02	-1.92e-02
1.040e-01	1.56e+00	1.62e+00		1.040e-01	-2.32e-02	-2.00e-02
1.044e-01	1.54e+00	1.58e+00		1.044e-01	-2.32e-02	-1.92e-02
1.048e-01	1.52e+00	1.56e+00		1.048e-01	-2.32e-02	-1.92e-02
1.052e-01	1.52e+00	1.56e+00		1.052e-01	-2.32e-02	-1.92e-02
1.056e-01	1.50e+00	1.56e+00		1.056e-01	-2.24e-02	-2.00e-02
1.060e-01	1.48e+00	1.52e+00		1.060e-01	-2.24e-02	-1.92e-02
1.064e-01	1.48e+00	1.54e+00		1.064e-01	-2.24e-02	-1.92e-02
1.068e-01	1.48e+00	1.52e+00		1.068e-01	-2.24e-02	-2.00e-02
1.072e-01	1.44e+00	1.50e+00		1.072e-01	-2.24e-02	-2.00e-02
1.076e-01	1.44e+00	1.48e+00		1.076e-01	-2.24e-02	-1.92e-02
1.080e-01	1.44e+00	1.46e+00		1.080e-01	-2.32e-02	-1.92e-02
1.084e-01	1.40e+00	1.44e+00		1.084e-01	-2.32e-02	-2.00e-02
1.088e-01	1.40e+00	1.44e+00		1.088e-01	-2.32e-02	-1.92e-02
1.092e-01	1.38e+00	1.42e+00		1.092e-01	-2.24e-02	-1.92e-02
1.096e-01	1.38e+00	1.40e+00		1.096e-01	-2.32e-02	-2.00e-02
1.100e-01	1.36e+00	1.40e+00		1.100e-01	-2.24e-02	-1.92e-02
1.104e-01	1.36e+00	1.40e+00		1.104e-01	-2.32e-02	-2.00e-02
1.108e-01	1.34e+00	1.38e+00		1.108e-01	-2.32e-02	-1.92e-02
1.112e-01	1.32e+00	1.36e+00		1.112e-01	-2.32e-02	-2.00e-02
1.116e-01	1.30e+00	1.34e+00		1.116e-01	-2.40e-02	-2.00e-02
1.120e-01	1.28e+00	1.34e+00		1.120e-01	-2.48e-02	-2.08e-02
1.124e-01	1.28e+00	1.34e+00		1.124e-01	-2.40e-02	-2.08e-02
1.128e-01	1.24e+00	1.30e+00		1.128e-01	-2.40e-02	-2.00e-02
1.132e-01	1.26e+00	1.32e+00		1.132e-01	-2.32e-02	-2.00e-02
1.136e-01	1.24e+00	1.28e+00		1.136e-01	-2.40e-02	-2.08e-02
1.140e-01	1.22e+00	1.26e+00		1.140e-01	-2.32e-02	-2.00e-02
1.144e-01	1.20e+00	1.24e+00		1.144e-01	-2.40e-02	-2.00e-02
1.148e-01	1.20e+00	1.24e+00		1.148e-01	-2.32e-02	-1.92e-02
1.152e-01	1.16e+00	1.20e+00		1.152e-01	-2.32e-02	-2.00e-02
1.156e-01	1.14e+00	1.18e+00		1.156e-01	-2.40e-02	-2.00e-02
1.160e-01	1.16e+00	1.22e+00		1.160e-01	-2.40e-02	-2.08e-02
1.164e-01	1.16e+00	1.20e+00		1.164e-01	-2.32e-02	-1.92e-02
1.168e-01	1.10e+00	1.14e+00		1.168e-01	-2.32e-02	-2.00e-02
1.172e-01	1.10e+00	1.16e+00		1.172e-01	-3.12e-02	-2.16e-02
1.176e-01	1.10e+00	1.12e+00		1.176e-01	-1.360e-01	-3.04e-02
#1.180e-01	1.06e+00	1.10e+00		1.180e-01	-1e+308	-1e+308
1.184e-01	1.06e+00	1.10e+00		1.184e-01	-4.00e-02	-2.48e-02
1.188e-01	1.04e+00	1.10e+00		1.188e-01	-2.48e-02	-2.08e-02
1.192e-01	1.02e+00	1.08e+00		1.192e-01	-3.04e-02	-2.16e-02
1.196e-01	1.02e+00	1.08e+00		1.196e-01	-3.28e-02	-2.08e-02
1.200e-01	1.02e+00	1.06e+00		1.200e-01	-2.40e-02	-2.00e-02
1.204e-01	1.00e+00    1.06e+00		1.204e-01	-2.32e-02	-2.00e-02
1.208e-01	9.8e-01 1.02e+00		1.208e-01	-2.32e-02	-2.00e-02
1.212e-01	9.6e-01	1.02e+00		1.212e-01	-2.24e-02	-1.92e-02
1.216e-01	9.4e-01	9.8e-01		1.216e-01	-2.32e-02	-1.92e-02
1.220e-01	9.4e-01	1.00e+00		1.220e-01	-2.32e-02	-2.00e-02
1.224e-01	9.2e-01	9.6e-01		1.224e-01	-2.32e-02	-2.00e-02
1.228e-01	9.2e-01	9.4e-01		1.228e-01	-2.40e-02	-2.08e-02
1.232e-01	9.0e-01	9.4e-01		1.232e-01	-2.40e-02	-2.00e-02
1.236e-01	8.8e-01	9.2e-01		1.236e-01	-2.32e-02	-1.92e-02
1.240e-01	8.6e-01	9.0e-01		1.240e-01	-2.40e-02	-2.08e-02
1.244e-01	8.4e-01	9.0e-01		1.244e-01	-2.32e-02	-2.00e-02
1.248e-01	8.2e-01	8.6e-01		1.248e-01	-2.24e-02	-2.00e-02
1.252e-01	8.4e-01	8.6e-01		1.252e-01	-2.16e-02	-1.92e-02
1.256e-01	8.2e-01	8.4e-01		1.256e-01	-2.16e-02	-1.84e-02
1.260e-01	8.0e-01	8.4e-01		1.260e-01	-2.32e-02	-2.00e-02
1.264e-01	8.0e-01	8.4e-01		1.264e-01	-2.32e-02	-1.92e-02
1.268e-01	7.6e-01	8.0e-01		1.268e-01	-2.24e-02	-1.92e-02
1.272e-01	7.6e-01	8.2e-01		1.272e-01	-2.16e-02	-1.92e-02
1.276e-01	7.6e-01	8.0e-01		1.276e-01	-2.16e-02	-1.84e-02
1.280e-01	7.2e-01	7.6e-01		1.280e-01	-2.24e-02	-1.92e-02
1.284e-01	7.2e-01	7.6e-01		1.284e-01	-2.16e-02	-1.84e-02
1.288e-01	7.2e-01	7.6e-01		1.288e-01	-2.32e-02	-2.00e-02
1.292e-01	7.0e-01	7.4e-01		1.292e-01	-2.24e-02	-1.92e-02
1.296e-01	7.0e-01	7.4e-01		1.296e-01	-2.32e-02	-2.08e-02
1.300e-01	6.6e-01	7.0e-01		1.300e-01	-2.48e-02	-2.00e-02
1.304e-01	6.4e-01	6.8e-01		1.304e-01	-2.24e-02	-1.92e-02
1.308e-01	6.4e-01	6.8e-01		1.308e-01	-2.40e-02	-1.92e-02
1.312e-01	6.2e-01	6.6e-01		1.312e-01	-2.32e-02	-1.92e-02
1.316e-01	6.0e-01	6.6e-01		1.316e-01	-2.32e-02	-2.00e-02
1.320e-01	6.0e-01	6.6e-01		1.320e-01	-2.32e-02	-2.00e-02
1.324e-01	5.8e-01	6.4e-01		1.324e-01	-2.32e-02	-2.00e-02
1.328e-01	5.6e-01	6.2e-01		1.328e-01	-2.32e-02	-2.00e-02
1.332e-01	5.6e-01	5.8e-01		1.332e-01	-2.40e-02	-2.00e-02
1.336e-01	5.4e-01	5.6e-01		1.336e-01	-2.32e-02	-2.08e-02
1.340e-01	5.4e-01	5.8e-01		1.340e-01	-2.40e-02	-2.08e-02
1.344e-01	5.0e-01	5.6e-01		1.344e-01	-2.48e-02	-2.16e-02
1.348e-01	5.0e-01	5.4e-01		1.348e-01	-2.32e-02	-2.00e-02
1.352e-01	4.8e-01	5.2e-01		1.352e-01	-2.40e-02	-2.00e-02
1.356e-01	4.6e-01	5.0e-01		1.356e-01	-3.92e-02	-2.32e-02
1.360e-01	4.6e-01	5.0e-01		1.360e-01	-1.192e-01	-3.84e-02
1.364e-01	4.4e-01	4.8e-01		1.364e-01	-7.04e-02	-2.48e-02
1.368e-01	4.0e-01	4.4e-01		1.368e-01	-2.64e-02	-2.08e-02
1.372e-01	4.0e-01	4.4e-01		1.372e-01	-2.48e-02	-2.00e-02
1.376e-01	3.8e-01	4.4e-01		1.376e-01	-2.32e-02	-1.92e-02
1.380e-01	3.8e-01	4.2e-01		1.380e-01	-2.32e-02	-1.92e-02
1.384e-01	3.8e-01	4.2e-01		1.384e-01	-2.32e-02	-1.92e-02
1.388e-01	3.4e-01	3.8e-01		1.388e-01	-2.24e-02	-1.92e-02
1.392e-01	3.6e-01	4.0e-01		1.392e-01	-2.16e-02	-1.84e-02
1.396e-01	3.2e-01	3.6e-01		1.396e-01	-2.32e-02	-2.00e-02
1.400e-01	3.0e-01	3.4e-01		1.400e-01	-2.16e-02	-1.92e-02
1.404e-01	2.8e-01	3.4e-01		1.404e-01	-2.32e-02	-2.00e-02
1.408e-01	3.0e-01	3.4e-01		1.408e-01	-2.24e-02	-2.00e-02
1.412e-01	2.4e-01	3.0e-01		1.412e-01	-2.32e-02	-1.92e-02
1.416e-01	2.2e-01	2.8e-01		1.416e-01	-2.32e-02	-2.00e-02
1.420e-01	2.2e-01	2.8e-01		1.420e-01	-2.32e-02	-2.00e-02
1.424e-01	2.2e-01	2.8e-01		1.424e-01	-2.40e-02	-2.08e-02
1.428e-01	1.8e-01	2.4e-01		1.428e-01	-2.40e-02	-2.00e-02
1.432e-01	2.0e-01	2.4e-01		1.432e-01	-2.40e-02	-2.08e-02
1.436e-01	1.6e-01	2.2e-01		1.436e-01	-2.88e-02	-2.16e-02
1.440e-01	1.6e-01	2.0e-01		1.440e-01	-2.96e-02	-2.16e-02
1.444e-01	1.6e-01	2.0e-01		1.444e-01	-2.40e-02	-2.08e-02
1.448e-01	1.2e-01	1.8e-01		1.448e-01	-2.32e-02	-1.92e-02
1.452e-01	1.2e-01	1.6e-01		1.452e-01	-2.24e-02	-1.92e-02
1.456e-01	1.2e-01	1.8e-01		1.456e-01	-2.16e-02	-1.84e-02
1.460e-01	1.6e-01	2.2e-01		1.460e-01	-2.40e-02	-2.00e-02
1.464e-01	1.6e-01	2.2e-01		1.464e-01	-2.32e-02	-1.92e-02
1.468e-01	1.8e-01	2.2e-01		1.468e-01	-2.88e-02	-2.08e-02
1.472e-01	2.2e-01	2.6e-01		1.472e-01	-2.40e-02	-1.92e-02
1.476e-01	2.2e-01	2.6e-01		1.476e-01	-2.24e-02	-1.92e-02
1.480e-01	2.0e-01	2.6e-01		1.480e-01	-2.24e-02	-1.92e-02
1.484e-01	2.4e-01	2.8e-01		1.484e-01	-2.24e-02	-1.92e-02
1.488e-01	2.4e-01	3.0e-01		1.488e-01	-2.24e-02	-1.92e-02
1.492e-01	2.8e-01	3.2e-01		1.492e-01	-2.24e-02	-1.84e-02
1.496e-01	2.6e-01	3.2e-01		1.496e-01	-2.16e-02	-1.84e-02
1.500e-01	2.8e-01	3.4e-01		1.500e-01	-2.32e-02	-2.00e-02
1.504e-01	3.0e-01	3.4e-01		1.504e-01	-2.24e-02	-1.92e-02
1.508e-01	3.2e-01	3.6e-01		1.508e-01	-2.16e-02	-1.92e-02
1.512e-01	3.2e-01	3.6e-01		1.512e-01	-2.24e-02	-1.92e-02
1.516e-01	3.4e-01	3.8e-01		1.516e-01	-2.32e-02	-1.92e-02
1.520e-01	3.8e-01	4.2e-01		1.520e-01	-2.40e-02	-2.08e-02
1.524e-01	3.8e-01	4.2e-01		1.524e-01	-2.32e-02	-1.92e-02
1.528e-01	4.0e-01	4.4e-01		1.528e-01	-2.32e-02	-2.00e-02
1.532e-01	3.8e-01	4.4e-01		1.532e-01	-2.40e-02	-2.00e-02
1.536e-01	4.4e-01	4.8e-01		1.536e-01	-2.48e-02	-2.16e-02
1.540e-01	4.2e-01	4.8e-01		1.540e-01	-2.56e-02	-2.16e-02
1.544e-01	4.4e-01	5.0e-01		1.544e-01	-4.00e-02	-2.40e-02
1.548e-01	4.6e-01	5.0e-01		1.548e-01	-1.192e-01	-4.08e-02
1.552e-01	4.6e-01	5.4e-01		1.552e-01	-6.08e-02	-2.56e-02
1.556e-01	4.8e-01	5.4e-01		1.556e-01	-2.56e-02	-2.00e-02
1.560e-01	5.2e-01	5.6e-01		1.560e-01	-2.24e-02	-1.92e-02
1.564e-01	5.2e-01	5.6e-01		1.564e-01	-2.32e-02	-2.00e-02
1.568e-01	5.4e-01	5.8e-01		1.568e-01	-2.32e-02	-1.92e-02
1.572e-01	5.6e-01	6.2e-01		1.572e-01	-2.40e-02	-2.00e-02
1.576e-01	5.6e-01	6.2e-01		1.576e-01	-2.32e-02	-1.92e-02
1.580e-01	5.8e-01	6.4e-01		1.580e-01	-2.24e-02	-1.92e-02
1.584e-01	5.8e-01	6.4e-01		1.584e-01	-2.16e-02	-1.92e-02
1.588e-01	6.0e-01	6.4e-01		1.588e-01	-2.24e-02	-1.92e-02
1.592e-01	6.0e-01	6.6e-01		1.592e-01	-2.24e-02	-1.92e-02
1.596e-01	6.2e-01	6.6e-01		1.596e-01	-2.24e-02	-2.00e-02
1.600e-01	6.4e-01	7.0e-01		1.600e-01	-2.24e-02	-1.84e-02
1.604e-01	6.6e-01	7.0e-01		1.604e-01	-2.32e-02	-1.92e-02
1.608e-01	6.8e-01	7.2e-01		1.608e-01	-2.32e-02	-2.00e-02
1.612e-01	6.6e-01	7.2e-01		1.612e-01	-2.48e-02	-2.08e-02
1.616e-01	6.8e-01	7.4e-01		1.616e-01	-2.24e-02	-2.00e-02
1.620e-01	7.4e-01	7.8e-01		1.620e-01	-2.40e-02	-2.08e-02
1.624e-01	7.2e-01	7.6e-01		1.624e-01	-2.32e-02	-2.00e-02
1.628e-01	7.2e-01	7.6e-01		1.628e-01	-2.32e-02	-2.08e-02
1.632e-01	7.4e-01	8.0e-01		1.632e-01	-2.32e-02	-2.00e-02
1.636e-01	7.6e-01	8.2e-01		1.636e-01	-2.40e-02	-2.08e-02
1.640e-01	7.8e-01	8.4e-01		1.640e-01	-2.32e-02	-2.00e-02
1.644e-01	8.0e-01	8.6e-01		1.644e-01	-2.32e-02	-2.00e-02
1.648e-01	8.0e-01	8.6e-01		1.648e-01	-2.24e-02	-1.92e-02
1.652e-01	8.2e-01	8.6e-01		1.652e-01	-2.32e-02	-1.92e-02
1.656e-01	8.4e-01	8.8e-01		1.656e-01	-2.24e-02	-1.92e-02
1.660e-01	8.6e-01	9.0e-01		1.660e-01	-2.24e-02	-1.92e-02
1.664e-01	8.8e-01	9.4e-01		1.664e-01	-2.24e-02	-1.84e-02
1.668e-01	8.8e-01	9.2e-01		1.668e-01	-2.16e-02	-1.92e-02
