"Title        "	"Input A"	 		"Title        "	"Input B"	 
"ID           "	1	 		"ID           "	1	 
"Type         "	"Envelope"	 		"Type         "	"Envelope"	 
"Date         "	01/01/95	 		"Date         "	01/01/95	 
"Time         "	00:52:46	 		"Time         "	00:52:46	 
"X Scale      "	2.00E-02	 		"X Scale      "	2.00E-02	 
"X At 0%      "	6.07E-02	 		"X At 0%      "	6.07E-02	 
"X Resolution "	2.500000E+01	 		"X Resolution "	2.500000E+01	 
"X Size       "	300	 		"X Size       "	300	 
"X Unit       "	"s"	 		"X Unit       "	"s"	 
"X Label      "	"20 ms/Div"	 		"X Label      "	"20 ms/Div"	 
"Y Scale      "	1.00E+00	 		"Y Scale      "	1.00E-01	 
"Y At 50%     "	7.2E-01	 		"Y At 50%     "	1.08E-01	 
"Y Resolution "	2.500000E+01	 		"Y Resolution "	2.500000E+01	 
"Y Size       "	256	 		"Y Size       "	256	 
"Y Unit       "	"V"	 		"Y Unit       "	"V"	 
"Y Label      "	"V"	 		"Y Label      "	"mV"	 
6.07E-02	3.24E+00	3.28E+00		6.00E-02	-1.44E-02	-1.6E-02
6.07E-02	3.24E+00	3.28E+00		6.07E-02	-1.44E-01	-9.6E-02
6.15E-02	3.20E+00	3.24E+00		6.15E-02	-9.6E-02	-3.6E-02
6.23E-02	3.16E+00	3.24E+00		6.23E-02	-4.0E-02	-1.6E-02
6.31E-02	3.16E+00	3.20E+00		6.31E-02	-2.0E-02	-1.2E-02
6.39E-02	3.16E+00	3.24E+00		6.39E-02	-2.4E-02	-1.2E-02
6.47E-02	3.16E+00	3.20E+00		6.47E-02	-2.4E-02	-1.6E-02
6.55E-02	3.12E+00	3.20E+00		6.55E-02	-2.4E-02	-1.6E-02
6.63E-02	3.12E+00	3.16E+00		6.63E-02	-2.0E-02	-1.2E-02
6.71E-02	3.16E+00	3.20E+00		6.71E-02	-2.8E-02	-1.6E-02
6.79E-02	3.08E+00	3.16E+00		6.79E-02	-2.4E-02	-1.2E-02
6.87E-02	3.12E+00	3.16E+00		6.87E-02	-2.4E-02	-1.2E-02
6.95E-02	3.12E+00	3.16E+00		6.95E-02	-2.8E-02	-1.6E-02
7.03E-02	3.08E+00	3.16E+00		7.03E-02	-2.4E-02	-1.2E-02
7.11E-02	3.08E+00	3.12E+00		7.11E-02	-2.8E-02	-1.6E-02
7.19E-02	3.08E+00	3.12E+00		7.19E-02	-2.0E-02	-1.6E-02
7.27E-02	3.04E+00	3.08E+00		7.27E-02	-2.8E-02	-1.6E-02
7.35E-02	3.04E+00	3.08E+00		7.35E-02	-2.8E-02	-2.4E-02
7.43E-02	3.08E+00	3.12E+00		7.43E-02	-2.4E-02	-1.6E-02
7.51E-02	3.04E+00	3.08E+00		7.51E-02	-2.4E-02	-1.2E-02
7.59E-02	3.04E+00	3.08E+00		7.59E-02	-2.0E-02	-1.2E-02
7.67E-02	3.04E+00	3.12E+00		7.67E-02	-2.0E-02	-1.6E-02
7.75E-02	3.00E+00	3.04E+00		7.75E-02	-2.4E-02	-1.6E-02
7.83E-02	2.96E+00	3.04E+00		7.83E-02	-2.4E-02	-1.6E-02
7.91E-02	2.96E+00	3.00E+00		7.91E-02	-2.4E-02	-1.2E-02
7.99E-02	2.96E+00	3.00E+00		7.99E-02	-2.4E-02	-1.6E-02
8.07E-02	3.00E+00	3.04E+00		8.07E-02	-2.4E-02	-1.6E-02
8.15E-02	2.92E+00	3.00E+00		8.15E-02	-2.4E-02	-1.6E-02
8.23E-02	2.96E+00	3.00E+00		8.23E-02	-2.4E-02	-1.2E-02
8.31E-02	2.88E+00	2.96E+00		8.31E-02	-2.0E-02	-1.2E-02
8.39E-02	2.92E+00	2.96E+00		8.39E-02	-2.0E-02	-1.2E-02
8.47E-02	2.88E+00	2.96E+00		8.47E-02	-2.4E-02	-1.2E-02
8.55E-02	2.88E+00	2.96E+00		8.55E-02	-2.0E-02	-1.6E-02
8.63E-02	2.88E+00	2.96E+00		8.63E-02	-2.4E-02	-1.6E-02
8.71E-02	2.88E+00	2.88E+00		8.71E-02	-2.4E-02	-1.2E-02
8.79E-02	2.84E+00	2.92E+00		8.79E-02	-2.4E-02	-1.2E-02
8.87E-02	2.80E+00	2.84E+00		8.87E-02	-2.8E-02	-1.6E-02
8.95E-02	2.84E+00	2.92E+00		8.95E-02	-2.0E-02	-1.2E-02
9.03E-02	2.84E+00	2.88E+00		9.03E-02	-3.2E-02	-1.6E-02
9.11E-02	2.80E+00	2.88E+00		9.11E-02	-2.8E-02	-1.2E-02
9.19E-02	2.76E+00	2.84E+00		9.19E-02	-2.0E-02	-1.2E-02
9.27E-02	2.80E+00	2.88E+00		9.27E-02	-2.4E-02	-1.6E-02
9.35E-02	2.80E+00	2.84E+00		9.35E-02	-2.4E-02	-1.6E-02
9.43E-02	2.80E+00	2.84E+00		9.43E-02	-2.0E-02	-8.E-03
9.51E-02	2.76E+00	2.80E+00		9.51E-02	-2.8E-02	-1.6E-02
9.59E-02	2.76E+00	2.84E+00		9.59E-02	-2.0E-02	-1.2E-02
9.67E-02	2.72E+00	2.80E+00		9.67E-02	-2.0E-02	-1.6E-02
9.75E-02	2.76E+00	2.80E+00		9.75E-02	-2.0E-02	-1.2E-02
9.83E-02	2.72E+00	2.76E+00		9.83E-02	-2.0E-02	-1.2E-02
9.91E-02	2.76E+00	2.80E+00		9.91E-02	-2.0E-02	-8.E-03
9.99E-02	2.72E+00	2.80E+00		9.99E-02	-2.8E-02	-1.6E-02
1.007E-01	2.68E+00	2.72E+00		1.007E-01	-2.4E-02	-1.6E-02
1.015E-01	2.68E+00	2.72E+00		1.015E-01	-2.4E-02	-1.2E-02
1.023E-01	2.68E+00	2.68E+00		1.023E-01	-2.4E-02	-1.6E-02
1.031E-01	2.72E+00	2.76E+00		1.031E-01	-2.8E-02	-1.6E-02
1.039E-01	2.68E+00	2.68E+00		1.039E-01	-5.2E-02	-2.0E-02
1.047E-01	2.64E+00	2.68E+00		1.047E-01	-7.2E-02	-4.8E-02
1.055E-01	2.60E+00	2.64E+00		1.055E-01	-6.4E-02	-2.8E-02
1.063E-01	2.64E+00	2.68E+00		1.063E-01	-2.8E-02	-1.6E-02
1.071E-01	2.60E+00	2.68E+00		1.071E-01	-2.8E-02	-2.0E-02
1.079E-01	2.64E+00	2.68E+00		1.079E-01	-2.8E-02	-1.2E-02
1.087E-01	2.60E+00	2.64E+00		1.087E-01	-2.4E-02	-1.6E-02
1.095E-01	2.56E+00	2.64E+00		1.095E-01	-2.4E-02	-1.6E-02
1.103E-01	2.56E+00	2.64E+00		1.103E-01	-2.0E-02	-8.E-03
1.111E-01	2.56E+00	2.60E+00		1.111E-01	-2.4E-02	-8.E-03
1.119E-01	2.56E+00	2.64E+00		1.119E-01	-2.0E-02	-1.2E-02
1.127E-01	2.52E+00	2.60E+00		1.127E-01	-2.0E-02	-1.2E-02
1.135E-01	2.52E+00	2.60E+00		1.135E-01	-2.0E-02	-1.6E-02
1.143E-01	2.52E+00	2.56E+00		1.143E-01	-2.4E-02	-1.2E-02
1.151E-01	2.48E+00	2.56E+00		1.151E-01	-2.0E-02	-1.2E-02
1.159E-01	2.52E+00	2.56E+00		1.159E-01	-2.4E-02	-1.6E-02
1.167E-01	2.48E+00	2.56E+00		1.167E-01	-2.4E-02	-1.2E-02
1.175E-01	2.48E+00	2.56E+00		1.175E-01	-2.0E-02	-1.2E-02
1.183E-01	2.48E+00	2.52E+00		1.183E-01	-2.0E-02	-1.2E-02
1.191E-01	2.48E+00	2.52E+00		1.191E-01	-2.4E-02	-1.6E-02
1.199E-01	2.44E+00	2.48E+00		1.199E-01	-2.4E-02	-1.2E-02
1.207E-01	2.40E+00	2.48E+00		1.207E-01	-2.8E-02	-1.6E-02
1.215E-01	2.48E+00	2.52E+00		1.215E-01	-2.4E-02	-2.0E-02
1.223E-01	2.40E+00	2.48E+00		1.223E-01	-2.4E-02	-8.E-03
1.231E-01	2.44E+00	2.52E+00		1.231E-01	-2.0E-02	-1.2E-02
1.239E-01	2.40E+00	2.48E+00		1.239E-01	-2.0E-02	-1.2E-02
1.247E-01	2.40E+00	2.44E+00		1.247E-01	-2.0E-02	-1.2E-02
1.255E-01	2.40E+00	2.44E+00		1.255E-01	-2.0E-02	-8.E-03
1.263E-01	2.40E+00	2.44E+00		1.263E-01	-2.0E-02	-1.2E-02
1.271E-01	2.36E+00	2.40E+00		1.271E-01	-2.4E-02	-1.6E-02
1.279E-01	2.36E+00	2.36E+00		1.279E-01	-2.4E-02	-1.2E-02
1.287E-01	2.28E+00	2.40E+00		1.287E-01	-2.0E-02	-1.2E-02
1.295E-01	2.32E+00	2.40E+00		1.295E-01	-2.4E-02	-1.2E-02
1.303E-01	2.32E+00	2.36E+00		1.303E-01	-2.4E-02	-1.2E-02
1.311E-01	2.32E+00	2.36E+00		1.311E-01	-2.8E-02	-1.6E-02
1.319E-01	2.28E+00	2.32E+00		1.319E-01	-2.8E-02	-1.2E-02
1.327E-01	2.24E+00	2.32E+00		1.327E-01	-2.8E-02	-1.6E-02
1.335E-01	2.24E+00	2.32E+00		1.335E-01	-2.4E-02	-1.2E-02
1.343E-01	2.20E+00	2.28E+00		1.343E-01	-2.4E-02	-1.2E-02
1.351E-01	2.28E+00	2.32E+00		1.351E-01	-2.4E-02	-1.6E-02
1.359E-01	2.28E+00	2.32E+00		1.359E-01	-2.8E-02	-1.6E-02
1.367E-01	2.20E+00	2.24E+00		1.367E-01	-2.0E-02	-8.E-03
1.375E-01	2.24E+00	2.28E+00		1.375E-01	-2.0E-02	-1.2E-02
1.383E-01	2.20E+00	2.24E+00		1.383E-01	-2.0E-02	-1.2E-02
1.391E-01	2.16E+00	2.24E+00		1.391E-01	-2.4E-02	-1.6E-02
1.399E-01	2.16E+00	2.20E+00		1.399E-01	-2.4E-02	-1.6E-02
1.407E-01	2.16E+00	2.24E+00		1.407E-01	-2.4E-02	-1.6E-02
1.415E-01	2.16E+00	2.20E+00		1.415E-01	-2.4E-02	-1.6E-02
1.423E-01	2.16E+00	2.20E+00		1.423E-01	-2.4E-02	-1.6E-02
1.431E-01	2.12E+00	2.16E+00		1.431E-01	-2.4E-02	-1.6E-02
1.439E-01	2.16E+00	2.16E+00		1.439E-01	-2.0E-02	-1.2E-02
1.447E-01	2.08E+00	2.20E+00		1.447E-01	-2.4E-02	-1.2E-02
1.455E-01	2.08E+00	2.16E+00		1.455E-01	-2.4E-02	-1.6E-02
1.463E-01	2.12E+00	2.16E+00		1.463E-01	-2.0E-02	-1.2E-02
1.471E-01	2.08E+00	2.16E+00		1.471E-01	-2.4E-02	-1.2E-02
1.479E-01	2.08E+00	2.12E+00		1.479E-01	-2.8E-02	-1.6E-02
1.487E-01	2.04E+00	2.12E+00		1.487E-01	-3.2E-02	-2.0E-02
1.495E-01	2.08E+00	2.16E+00		1.495E-01	-2.8E-02	-1.2E-02
1.503E-01	2.08E+00	2.12E+00		1.503E-01	-2.8E-02	-1.6E-02
1.511E-01	2.04E+00	2.08E+00		1.511E-01	-2.4E-02	-1.6E-02
1.519E-01	2.08E+00	2.12E+00		1.519E-01	-2.0E-02	-1.2E-02
1.527E-01	2.00E+00	2.04E+00		1.527E-01	-2.0E-02	-1.2E-02
1.535E-01	2.00E+00	2.04E+00		1.535E-01	-2.0E-02	-1.2E-02
1.543E-01	2.00E+00	2.04E+00		1.543E-01	-2.4E-02	-1.6E-02
1.551E-01	2.04E+00	2.08E+00		1.551E-01	-2.4E-02	-1.6E-02
1.559E-01	2.00E+00	2.08E+00		1.559E-01	-2.4E-02	-1.6E-02
1.567E-01	1.92E+00	2.00E+00		1.567E-01	-2.0E-02	-1.2E-02
1.575E-01	1.96E+00	2.00E+00		1.575E-01	-2.4E-02	-1.6E-02
1.583E-01	1.92E+00	2.00E+00		1.583E-01	-2.0E-02	-1.2E-02
1.591E-01	1.92E+00	1.96E+00		1.591E-01	-2.0E-02	-1.2E-02
1.599E-01	1.96E+00	2.00E+00		1.599E-01	-2.0E-02	-1.2E-02
1.607E-01	1.92E+00	2.00E+00		1.607E-01	-2.4E-02	-1.6E-02
1.615E-01	1.92E+00	1.96E+00		1.615E-01	-2.0E-02	-1.2E-02
1.623E-01	1.88E+00	1.96E+00		1.623E-01	-2.4E-02	-1.2E-02
1.631E-01	1.88E+00	1.92E+00		1.631E-01	-2.0E-02	-1.2E-02
1.639E-01	1.88E+00	1.96E+00		1.639E-01	-2.4E-02	-1.6E-02
1.647E-01	1.84E+00	1.92E+00		1.647E-01	-2.8E-02	-1.6E-02
1.655E-01	1.88E+00	1.92E+00		1.655E-01	-3.6E-02	-1.6E-02
1.663E-01	1.88E+00	1.92E+00		1.663E-01	-6.8E-02	-2.4E-02
1.671E-01	1.80E+00	1.84E+00		1.671E-01	-8.0E-02	-4.0E-02
1.679E-01	1.84E+00	1.88E+00		1.679E-01	-4.0E-02	-2.0E-02
1.687E-01	1.84E+00	1.88E+00		1.687E-01	-2.8E-02	-1.6E-02
1.695E-01	1.80E+00	1.88E+00		1.695E-01	-2.0E-02	-1.2E-02
1.703E-01	1.80E+00	1.84E+00		1.703E-01	-2.4E-02	-1.2E-02
1.711E-01	1.80E+00	1.84E+00		1.711E-01	-2.4E-02	-1.2E-02
1.719E-01	1.76E+00	1.80E+00		1.719E-01	-2.4E-02	-1.2E-02
1.727E-01	1.76E+00	1.80E+00		1.727E-01	-2.0E-02	-8.E-03
1.735E-01	1.76E+00	1.80E+00		1.735E-01	-2.4E-02	-1.6E-02
1.743E-01	1.76E+00	1.80E+00		1.743E-01	-2.0E-02	-1.2E-02
1.751E-01	1.76E+00	1.80E+00		1.751E-01	-2.0E-02	-1.2E-02
1.759E-01	1.72E+00	1.76E+00		1.759E-01	-2.4E-02	-1.6E-02
1.767E-01	1.72E+00	1.84E+00		1.767E-01	-2.4E-02	-1.2E-02
1.775E-01	1.72E+00	1.80E+00		1.775E-01	-2.8E-02	-1.6E-02
1.783E-01	1.68E+00	1.72E+00		1.783E-01	-2.8E-02	-1.6E-02
1.791E-01	1.68E+00	1.72E+00		1.791E-01	-1.6E-02	-1.2E-02
1.799E-01	1.68E+00	1.72E+00		1.799E-01	-2.4E-02	-1.2E-02
1.807E-01	1.68E+00	1.76E+00		1.807E-01	-2.0E-02	-1.2E-02
1.815E-01	1.60E+00	1.68E+00		1.815E-01	-2.0E-02	-1.2E-02
1.823E-01	1.60E+00	1.68E+00		1.823E-01	-2.0E-02	-8.E-03
1.831E-01	1.68E+00	1.76E+00		1.831E-01	-2.4E-02	-1.2E-02
1.839E-01	1.64E+00	1.68E+00		1.839E-01	-2.0E-02	-1.2E-02
1.847E-01	1.60E+00	1.68E+00		1.847E-01	-2.4E-02	-1.6E-02
1.855E-01	1.60E+00	1.68E+00		1.855E-01	-2.4E-02	-1.6E-02
1.863E-01	1.56E+00	1.64E+00		1.863E-01	-2.4E-02	-1.6E-02
1.871E-01	1.56E+00	1.60E+00		1.871E-01	-2.4E-02	-1.6E-02
1.879E-01	1.60E+00	1.64E+00		1.879E-01	-2.0E-02	-1.2E-02
1.887E-01	1.56E+00	1.60E+00		1.887E-01	-2.4E-02	-1.6E-02
1.895E-01	1.56E+00	1.60E+00		1.895E-01	-2.4E-02	-1.6E-02
1.903E-01	1.52E+00	1.60E+00		1.903E-01	-2.0E-02	-1.6E-02
1.911E-01	1.52E+00	1.60E+00		1.911E-01	-2.8E-02	-1.6E-02
1.919E-01	1.56E+00	1.60E+00		1.919E-01	-2.0E-02	-1.2E-02
1.927E-01	1.52E+00	1.56E+00		1.927E-01	-2.4E-02	-1.6E-02
1.935E-01	1.56E+00	1.60E+00		1.935E-01	-1.6E-02	-8.E-03
1.943E-01	1.52E+00	1.56E+00		1.943E-01	-2.8E-02	-1.6E-02
1.951E-01	1.52E+00	1.56E+00		1.951E-01	-2.4E-02	-1.6E-02
1.959E-01	1.48E+00	1.52E+00		1.959E-01	-2.8E-02	-1.2E-02
1.967E-01	1.48E+00	1.52E+00		1.967E-01	-2.4E-02	-1.2E-02
1.975E-01	1.44E+00	1.52E+00		1.975E-01	-2.4E-02	-1.6E-02
1.983E-01	1.48E+00	1.52E+00		1.983E-01	-2.4E-02	-1.6E-02
1.991E-01	1.48E+00	1.52E+00		1.991E-01	-2.0E-02	-1.2E-02
1.999E-01	1.40E+00	1.44E+00		1.999E-01	-2.4E-02	-1.2E-02
2.007E-01	1.44E+00	1.48E+00		2.007E-01	-2.0E-02	-1.2E-02
2.015E-01	1.40E+00	1.44E+00		2.015E-01	-3.2E-02	-1.6E-02
2.023E-01	1.44E+00	1.48E+00		2.023E-01	-2.4E-02	-1.6E-02
2.031E-01	1.40E+00	1.44E+00		2.031E-01	-2.0E-02	-1.2E-02
2.039E-01	1.40E+00	1.44E+00		2.039E-01	-2.0E-02	-1.2E-02
2.047E-01	1.32E+00	1.40E+00		2.047E-01	-2.0E-02	-1.2E-02
2.055E-01	1.24E+00	1.36E+00		2.055E-01	-2.4E-02	-1.6E-02
2.063E-01	1.32E+00	1.40E+00		2.063E-01	-2.8E-02	-1.6E-02
2.071E-01	1.32E+00	1.40E+00		2.071E-01	-2.4E-02	-1.6E-02
2.079E-01	1.32E+00	1.40E+00		2.079E-01	-2.0E-02	-1.2E-02
2.087E-01	1.28E+00	1.32E+00		2.087E-01	-2.8E-02	-1.6E-02
2.095E-01	1.24E+00	1.32E+00		2.095E-01	-1.08E-01	-2.8E-02
2.103E-01	1.24E+00	1.32E+00		2.103E-01	-1.44E-01	-8.8E-02
2.111E-01	1.24E+00	1.32E+00		2.111E-01	-8.4E-02	-3.2E-02
2.119E-01	1.24E+00	1.32E+00		2.119E-01	-3.2E-02	-2.0E-02
2.127E-01	1.24E+00	1.32E+00		2.127E-01	-2.4E-02	-1.2E-02
2.135E-01	1.24E+00	1.32E+00		2.135E-01	-2.4E-02	-1.2E-02
2.143E-01	1.24E+00	1.28E+00		2.143E-01	-2.4E-02	-1.6E-02
2.151E-01	1.24E+00	1.28E+00		2.151E-01	-2.4E-02	-1.2E-02
2.159E-01	1.20E+00	1.28E+00		2.159E-01	-2.4E-02	-1.2E-02
2.167E-01	1.20E+00	1.28E+00		2.167E-01	-2.4E-02	-1.6E-02
2.175E-01	1.24E+00	1.28E+00		2.175E-01	-2.0E-02	-8.E-03
2.183E-01	1.20E+00	1.32E+00		2.183E-01	-2.0E-02	-1.6E-02
2.191E-01	1.16E+00	1.24E+00		2.191E-01	-2.0E-02	-1.6E-02
2.199E-01	1.20E+00	1.20E+00		2.199E-01	-2.4E-02	-1.6E-02
2.207E-01	1.20E+00	1.20E+00		2.207E-01	-2.8E-02	-1.6E-02
2.215E-01	1.12E+00	1.16E+00		2.215E-01	-2.4E-02	-1.6E-02
2.223E-01	1.16E+00	1.20E+00		2.223E-01	-2.4E-02	-1.6E-02
2.231E-01	1.16E+00	1.24E+00		2.231E-01	-2.4E-02	-1.2E-02
2.239E-01	1.08E+00	1.16E+00		2.239E-01	-2.4E-02	-1.6E-02
2.247E-01	1.12E+00	1.20E+00		2.247E-01	-3.2E-02	-2.0E-02
2.255E-01	1.04E+00	1.12E+00		2.255E-01	-2.8E-02	-1.6E-02
2.263E-01	1.08E+00	1.12E+00		2.263E-01	-2.8E-02	-1.6E-02
2.271E-01	1.08E+00	1.12E+00		2.271E-01	-2.4E-02	-1.6E-02
2.279E-01	1.04E+00	1.12E+00		2.279E-01	-2.4E-02	-1.6E-02
2.287E-01	1.08E+00	1.12E+00		2.287E-01	-2.8E-02	-1.6E-02
2.295E-01	9.6E-01	1.04E+00		2.295E-01	-2.0E-02	-1.2E-02
2.303E-01	1.04E+00	1.08E+00		2.303E-01	-2.4E-02	-1.6E-02
2.311E-01	1.04E+00	1.12E+00		2.311E-01	-2.0E-02	-1.2E-02
2.319E-01	1.00E+00	1.04E+00		2.319E-01	-2.0E-02	-1.2E-02
2.327E-01	9.6E-01	1.00E+00		2.327E-01	-2.0E-02	-1.2E-02
2.335E-01	9.6E-01	1.04E+00		2.335E-01	-2.4E-02	-1.2E-02
2.343E-01	9.6E-01	1.04E+00		2.343E-01	-2.4E-02	-1.2E-02
2.351E-01	9.6E-01	1.00E+00		2.351E-01	-2.4E-02	-1.6E-02
2.359E-01	9.6E-01	1.00E+00		2.359E-01	-2.0E-02	-1.2E-02
2.367E-01	9.6E-01	1.00E+00		2.367E-01	-2.4E-02	-1.2E-02
2.375E-01	9.6E-01	1.00E+00		2.375E-01	-2.4E-02	-1.2E-02
2.383E-01	9.2E-01	9.6E-01		2.383E-01	-2.8E-02	-2.0E-02
2.391E-01	9.6E-01	9.6E-01		2.391E-01	-2.4E-02	-1.6E-02
2.399E-01	8.8E-01	9.2E-01		2.399E-01	-2.8E-02	-1.6E-02
2.407E-01	8.8E-01	9.6E-01		2.407E-01	-2.4E-02	-1.6E-02
2.415E-01	8.8E-01	9.2E-01		2.415E-01	-2.0E-02	-1.2E-02
2.423E-01	8.4E-01	8.8E-01		2.423E-01	-2.8E-02	-1.6E-02
2.431E-01	8.8E-01	9.2E-01		2.431E-01	-2.4E-02	-1.2E-02
2.439E-01	8.8E-01	8.8E-01		2.439E-01	-2.4E-02	-1.6E-02
2.447E-01	8.0E-01	8.8E-01		2.447E-01	-2.4E-02	-1.6E-02
2.455E-01	8.0E-01	8.8E-01		2.455E-01	-3.2E-02	-1.6E-02
2.463E-01	8.0E-01	8.4E-01		2.463E-01	-2.4E-02	-1.2E-02
2.471E-01	8.4E-01	8.8E-01		2.471E-01	-2.0E-02	-1.2E-02
2.479E-01	8.0E-01	8.4E-01		2.479E-01	-2.4E-02	-1.6E-02
2.487E-01	7.6E-01	8.4E-01		2.487E-01	-2.0E-02	-1.2E-02
2.495E-01	8.0E-01	8.8E-01		2.495E-01	-2.4E-02	-1.6E-02
2.503E-01	7.6E-01	8.4E-01		2.503E-01	-2.0E-02	-8.E-03
2.511E-01	8.0E-01	8.4E-01		2.511E-01	-2.4E-02	-1.2E-02
2.519E-01	7.6E-01	8.4E-01		2.519E-01	-2.0E-02	-1.2E-02
2.527E-01	7.6E-01	8.4E-01		2.527E-01	-5.6E-02	-2.4E-02
2.535E-01	7.6E-01	8.0E-01		2.535E-01	-7.2E-02	-4.0E-02
2.543E-01	7.6E-01	8.0E-01		2.543E-01	-4.4E-02	-2.4E-02
2.551E-01	7.6E-01	8.0E-01		2.551E-01	-2.4E-02	-1.2E-02
2.559E-01	7.2E-01	7.6E-01		2.559E-01	-2.0E-02	-1.6E-02
2.567E-01	7.2E-01	7.6E-01		2.567E-01	-2.0E-02	-8.E-03
2.575E-01	7.2E-01	7.6E-01		2.575E-01	-2.0E-02	-1.6E-02
2.583E-01	6.4E-01	7.2E-01		2.583E-01	-2.8E-02	-2.0E-02
2.591E-01	6.4E-01	6.8E-01		2.591E-01	-2.8E-02	-1.6E-02
2.599E-01	6.8E-01	7.2E-01		2.599E-01	-2.8E-02	-2.0E-02
2.607E-01	6.8E-01	7.2E-01		2.607E-01	-2.4E-02	-1.2E-02
2.615E-01	6.0E-01	6.8E-01		2.615E-01	-2.8E-02	-2.0E-02
2.623E-01	6.4E-01	6.8E-01		2.623E-01	-2.0E-02	-1.2E-02
2.631E-01	6.4E-01	6.8E-01		2.631E-01	-2.0E-02	-8.E-03
2.639E-01	6.0E-01	6.4E-01		2.639E-01	-2.8E-02	-1.6E-02
2.647E-01	6.0E-01	6.4E-01		2.647E-01	-2.0E-02	-1.2E-02
2.655E-01	6.0E-01	6.4E-01		2.655E-01	-2.8E-02	-2.0E-02
2.663E-01	5.6E-01	6.4E-01		2.663E-01	-2.4E-02	-1.6E-02
2.671E-01	5.6E-01	6.0E-01		2.671E-01	-3.2E-02	-2.0E-02
2.679E-01	6.0E-01	6.4E-01		2.679E-01	-2.8E-02	-1.6E-02
2.687E-01	5.6E-01	6.0E-01		2.687E-01	-2.4E-02	-1.2E-02
2.695E-01	5.6E-01	6.0E-01		2.695E-01	-2.0E-02	-8.E-03
2.703E-01	5.2E-01	5.6E-01		2.703E-01	-2.4E-02	-1.6E-02
2.711E-01	5.6E-01	6.0E-01		2.711E-01	-2.4E-02	-1.6E-02
2.719E-01	5.2E-01	5.6E-01		2.719E-01	-2.4E-02	-1.6E-02
2.727E-01	4.8E-01	5.6E-01		2.727E-01	-2.4E-02	-1.6E-02
2.735E-01	5.2E-01	5.6E-01		2.735E-01	-2.8E-02	-1.6E-02
2.743E-01	4.8E-01	5.2E-01		2.743E-01	-2.4E-02	-1.6E-02
2.751E-01	4.8E-01	5.2E-01		2.751E-01	-2.4E-02	-1.6E-02
2.759E-01	5.2E-01	5.2E-01		2.759E-01	-2.4E-02	-1.2E-02
2.767E-01	4.4E-01	4.8E-01		2.767E-01	-2.4E-02	-1.2E-02
2.775E-01	4.4E-01	4.8E-01		2.775E-01	-2.0E-02	-1.2E-02
2.783E-01	4.4E-01	4.8E-01		2.783E-01	-2.0E-02	-1.6E-02
2.791E-01	4.0E-01	4.8E-01		2.791E-01	-2.0E-02	-1.2E-02
2.799E-01	4.0E-01	4.4E-01		2.799E-01	-2.8E-02	-1.6E-02
2.807E-01	4.0E-01	4.4E-01		2.807E-01	-2.4E-02	-1.6E-02
2.815E-01	4.0E-01	4.4E-01		2.815E-01	-2.8E-02	-1.2E-02
2.823E-01	4.0E-01	4.4E-01		2.823E-01	-2.4E-02	-1.2E-02
2.831E-01	3.6E-01	4.4E-01		2.831E-01	-2.4E-02	-1.2E-02
2.839E-01	4.0E-01	4.0E-01		2.839E-01	-2.8E-02	-1.6E-02
2.847E-01	3.2E-01	3.6E-01		2.847E-01	-2.4E-02	-1.6E-02
2.855E-01	3.2E-01	3.6E-01		2.855E-01	-2.4E-02	-1.2E-02
2.863E-01	3.2E-01	3.6E-01		2.863E-01	-2.4E-02	-1.2E-02
2.871E-01	2.8E-01	3.2E-01		2.871E-01	-2.4E-02	-1.6E-02
2.879E-01	3.2E-01	3.2E-01		2.879E-01	-2.4E-02	-1.6E-02
2.887E-01	3.6E-01	3.6E-01		2.887E-01	-2.4E-02	-1.2E-02
2.895E-01	2.8E-01	3.6E-01		2.895E-01	-2.8E-02	-2.0E-02
2.903E-01	2.8E-01	3.2E-01		2.903E-01	-2.0E-02	-1.2E-02
2.911E-01	3.2E-01	3.6E-01		2.911E-01	-2.4E-02	-1.6E-02
2.919E-01	2.4E-01	3.2E-01		2.919E-01	-2.8E-02	-1.6E-02
2.927E-01	2.4E-01	3.2E-01		2.927E-01	-2.0E-02	-1.2E-02
2.935E-01	2.4E-01	3.2E-01		2.935E-01	-2.0E-02	-1.2E-02
2.943E-01	2.0E-01	2.4E-01		2.943E-01	-2.0E-02	-1.2E-02
2.951E-01	2.0E-01	2.4E-01		2.951E-01	-2.0E-02	-8.E-03
2.959E-01	2.0E-01	2.4E-01		2.959E-01	-2.4E-02	-1.6E-02
2.967E-01	2.0E-01	2.4E-01		2.967E-01	-2.4E-02	-1.6E-02
2.975E-01	1.6E-01	2.4E-01		2.975E-01	-2.0E-02	-1.2E-02
2.983E-01	1.6E-01	2.0E-01		2.983E-01	-2.4E-02	-1.6E-02
2.991E-01	1.6E-01	2.0E-01		2.991E-01	-2.4E-02	-8.E-03
2.999E-01	1.6E-01	2.0E-01		2.999E-01	-2.8E-02	-1.6E-02
