#I[mA] sigmaI	P[microW] sigma W
25.5     0.1    09.14    0.01
30.1     0.1    12.07    0.01
34.1     0.1    15.20    0.01
36.3     0.1    17.55    0.01
39.1     0.1    21.01    0.01
41.5     0.1    24.28    0.01
44.4     0.1    29.2    0.1
46.2     0.1    33.3     0.1
47.5     0.1    32.7    0.1
48.9     0.1    37.5   0.1
50.5     0.1    44.3   0.1
52.0     0.1    55.7    0.1
53.5     0.1    79.8    0.1
55.0     0.1    212    1  
57.5     0.1    612    1 
59.9     0.1    1.020e3    1
62.7     0.1    1.490e3    1
65.0     0.1    1.904e3    1
67.5     0.1    2.36e3    10
70.1     0.1    2.81e3    10
72.4     0.1    3.22e3    10
75.1     0.1    3.65e3    10
77.5     0.1    4.17e3    10 
80.2     0.1    4.63e3    10
